Matrix Multiplication Results
----------------------------------------

Matrix Dimensions:
Matrix A: 5 x 6
Matrix B: 6 x 6
----------------------------------------

Matrix A:
 12.500   7.000  15.300  22.000   9.100   4.000 
  8.000  16.700   3.000  11.200  19.000   5.800 
 21.000   6.400  13.000   2.900  17.000  10.000 
  4.700  18.000   9.600  14.200   1.000  23.000 
 15.000   7.800  20.000   5.300  12.600   8.000 

Matrix B:
 15.200   8.700  21.400   3.900  16.500   7.300 
  9.100  19.800   4.500  12.600  25.000  11.200 
  6.700  14.300  22.900   8.400  17.100   5.800 
 13.500   2.800  18.600  10.200  23.700   9.400 
  4.200  20.100   7.900  15.800   3.600  24.500 
 11.600   5.300  26.200   9.700  13.800   6.100 

Result (Single-threaded):
737.830 731.850 1235.260 672.450 1252.240 712.540 
591.950 887.160 825.430 737.520 1014.680 869.000 
691.090 898.140 1226.140 666.920 996.730 805.140 
762.260 716.330 1276.040 709.510 1349.250 589.870 
650.250 881.440 1221.820 655.520 1065.870 720.180 

Result (Multi-threaded):
737.830 731.850 1235.260 672.450 1252.240 712.540 
591.950 887.160 825.430 737.520 1014.680 869.000 
691.090 898.140 1226.140 666.920 996.730 805.140 
762.260 716.330 1276.040 709.510 1349.250 589.870 
650.250 881.440 1221.820 655.520 1065.870 720.180 

Performance Comparison
----------------------------------------
Single-threaded time: 0.000000667 seconds (averaged over 3 runs)
Multi-threaded time:  0.000270667 seconds (averaged over 3 runs)
Speedup Formula = (Single-threaded time / Multi-threaded time)
              = (0.000000667 / 0.000270667)
Speedup: 0.002x
Performance improvement: -99.75%
